Version 0.9.7
6
 4 10 175 77 128 0 1
 5 80 400 206 81 2 2
 0 101 102 877 276 8 3
 1 344 403 206 81 140 4
 3 264 26 203 58 150 5
 3 503 27 203 58 159 6
 0
41
 255 5 71 189 71 189 71 129 71 129 154 129 154 129 0 1 0 3
 255 5 921 129 921 129 921 129 921 363 921 363 921 363 0 3 0 3
 0 5 71 288 71 288 71 350 71 350 154 350 154 350 0 1 0 3
 0 5 908 350 908 350 908 350 908 116 908 116 908 116 0 3 0 3
 0 5 275 63 275 63 271 63 271 63 271 116 271 116 0 5 0 3
 0 5 359 472 359 472 245 472 245 472 245 350 245 350 0 4 0 3
 255 5 359 414 359 414 359 414 271 414 271 363 271 363 0 4 0 3
 255 5 310 129 310 129 310 129 310 168 310 168 310 168 0 3 0 3
 255 5 596 168 596 168 596 168 596 129 596 129 596 129 0 3 0 3
 0 5 401 350 401 350 401 350 401 311 401 311 401 311 0 3 0 3
 0 5 674 350 674 350 674 350 674 311 674 311 674 311 0 3 0 3
 16777215 5 514 414 514 414 514 401 622 401 622 311 622 311 0 4 0 3
 16777215 5 533 414 533 414 648 414 648 414 648 311 648 311 0 4 0 3
 16777215 5 495 414 495 414 495 387 596 387 596 311 596 311 0 4 0 3
 16777215 5 476 414 476 414 476 374 583 374 583 207 609 207 0 4 0 3
 65280 5 457 414 457 414 457 378 365 378 365 272 362 272 0 4 0 3
 0 5 401 285 401 285 388 285 388 285 388 272 388 272 0 3 0 3
 4227327 5 349 272 351 272 351 249 443 249 443 70 450 70 0 3 0 5
 65280 5 438 414 438 414 438 389 336 389 336 272 336 272 0 4 0 3
 4227327 5 310 272 310 272 310 234 430 234 430 70 430 70 0 3 0 5
 65280 5 419 414 419 407 320 407 320 207 336 207 336 207 0 4 0 3
 4227327 5 349 207 349 207 349 146 410 146 410 70 410 70 0 3 0 5
 65280 5 400 414 400 398 346 398 346 207 362 207 362 207 0 4 0 3
 4227327 5 388 207 388 207 388 70 388 70 390 70 390 70 0 3 0 5
 4227327 5 401 207 401 191 371 191 371 70 370 70 370 70 0 3 0 5
 0 5 514 64 514 64 514 116 514 116 518 116 518 116 0 6 0 3
 255 5 466 129 466 129 466 129 466 168 466 168 466 168 0 3 0 3
 0 5 557 350 557 350 557 350 557 311 557 311 557 311 0 3 0 3
 16777215 5 661 311 661 311 661 323 518 323 518 311 518 311 0 3 0 3
 16777215 5 635 311 635 311 635 334 492 334 492 311 492 311 0 3 0 3
 16777215 5 609 311 609 311 609 234 492 234 492 207 492 207 0 3 0 3
 16777215 5 622 207 622 207 622 203 518 203 518 207 518 207 0 3 0 3
 255 5 531 311 531 311 531 311 531 363 531 363 531 363 0 3 0 3
 0 5 544 311 544 311 544 311 544 350 544 350 544 350 0 3 0 3
 0 5 479 350 479 350 479 350 479 311 479 311 479 311 0 3 0 3
 0 5 479 168 479 168 479 168 479 116 479 116 479 116 0 3 0 3
 0 5 531 168 531 168 531 168 531 116 531 116 531 116 0 3 0 3
 16777215 5 505 311 505 311 505 323 375 323 375 272 375 272 0 3 0 3
 16777215 5 466 311 466 311 323 311 323 311 323 272 323 272 0 3 0 3
 16777215 5 505 207 505 207 505 197 323 197 323 207 323 207 0 3 0 3
 16777215 5 544 207 544 207 544 207 375 207 375 207 375 207 0 3 0 3
3
 7004 1 14 590 220 5 0 0 8583448 3
 7283 1 16 304 220 5 0 0 8583448 3
 7283 1 16 460 220 5 0 0 8583448 3
