Version 0.9.7
7
 4 10 175 77 128 0 1
 5 80 400 206 81 2 2
 0 105 113 877 276 8 3
 1 216 415 206 81 272 5
 3 379 48 203 58 282 6
 3 166 47 203 58 291 7
 1 469 412 206 81 310 8
 0
41
 255 5 71 189 71 189 71 140 71 140 158 140 158 140 0 1 0 3
 255 5 925 140 925 140 925 140 925 374 925 374 925 374 0 3 0 3
 0 5 71 288 71 288 71 361 71 361 158 361 158 361 0 1 0 3
 0 5 912 361 912 361 912 361 912 127 912 127 912 127 0 3 0 3
 0 5 392 127 392 127 392 85 392 85 390 85 390 85 0 3 0 6
 0 5 171 127 171 127 171 84 171 84 177 84 177 84 0 3 0 7
 0 5 231 484 231 484 184 484 184 484 184 361 184 361 0 5 0 3
 255 5 231 426 231 426 197 426 197 426 197 374 197 374 0 5 0 3
 255 5 314 140 314 140 314 140 314 179 314 179 314 179 0 3 0 3
 255 5 548 179 548 179 548 179 548 140 548 140 548 140 0 3 0 3
 0 5 405 361 405 361 405 361 405 322 405 322 405 322 0 3 0 3
 0 5 639 361 639 361 639 361 639 322 639 322 639 322 0 3 0 3
 255 5 484 423 484 423 458 423 458 374 457 374 457 374 0 8 0 3
 0 5 484 481 484 481 445 481 445 361 444 361 444 361 0 8 0 3
 4227327 5 353 283 353 283 353 139 565 139 565 92 565 92 0 3 0 6
 16777215 5 405 426 405 426 405 344 366 344 366 322 366 322 0 5 0 3
 16777215 5 340 322 340 322 340 351 386 351 386 426 386 426 0 3 0 5
 4227327 5 314 283 314 283 314 239 539 239 539 92 545 92 0 3 0 6
 65280 5 658 423 658 423 658 383 379 383 379 322 379 322 0 8 0 3
 0 5 392 322 392 322 392 322 392 361 392 361 392 361 0 3 0 3
 65280 5 639 423 639 423 639 394 326 394 326 322 327 322 0 8 0 3
 65280 5 620 423 620 423 620 372 322 372 322 218 327 218 0 8 0 3
 16777215 5 367 426 367 411 341 411 341 218 340 218 340 218 0 5 0 3
 4227327 5 353 218 353 218 353 167 525 167 525 92 525 92 0 3 0 6
 4227327 5 392 218 392 218 392 159 505 159 505 92 505 92 0 3 0 6
 65280 5 601 423 601 423 601 361 375 361 375 218 379 218 0 8 0 3
 16777215 5 348 426 348 404 361 404 361 218 366 218 366 218 0 5 0 3
 4227327 5 405 218 411 218 411 333 626 333 626 322 626 322 0 3 0 3
 4227327 5 587 283 587 283 587 258 485 258 485 92 485 92 0 3 0 6
 16777215 5 600 309 600 309 600 316 329 316 329 426 329 426 0 3 0 5
 65280 5 582 423 582 423 582 322 613 322 613 309 613 309 0 8 0 3
 65280 5 563 423 563 423 563 423 561 423 561 309 561 309 0 8 0 3
 16777215 5 310 426 310 426 310 324 574 324 574 309 574 309 0 5 0 3
 4227327 5 548 309 548 309 468 309 468 92 465 92 465 92 0 3 0 6
 4227327 5 587 218 587 218 587 104 445 104 445 92 445 92 0 3 0 6
 4227327 5 626 218 626 218 626 116 425 116 425 92 425 92 0 3 0 6
 4227327 5 639 218 639 218 639 130 352 130 352 91 352 91 0 3 0 7
 16777215 5 291 426 291 426 291 227 575 227 575 218 574 218 0 5 0 3
 65280 5 544 423 544 423 549 423 549 221 561 221 561 218 0 8 0 3
 65280 5 525 423 525 423 525 244 613 244 613 218 613 218 0 8 0 3
 16777215 5 272 426 272 426 272 218 272 218 600 218 600 218 0 5 0 3
2
 7283 1 16 308 231 5 0 0 8583448 3
 7283 1 16 542 231 5 0 0 8583448 3
